////////////////////
// Level-3
// rodzaj | wartosc | predkosc | wielkosc | pozycja | pozycja koncowa | opoznienie (ms)

0 5 1.0 1.2 0.0 0.0 2000
0 4 1.1 1.0 -1.5 0.0 1000
0 4 1.1 1.0 1.5 0.0 1000

0 3 1.2 1.0 -2.0 1.5 3000
0 3 1.2 1.0 2.0 -1.5 0

1 100 1.2 1.0 0.0 0.0 2000

0 5 0.6 1.1 0.0 0.0 3000
0 5 0.6 1.1 1.0 0.0 0
0 5 0.6 1.1 -1.0 0.0 0

0 2 0.7 1.0 0.0 0.0 4000
0 2 0.7 1.0 -0.3 -0.3 400
1 100 0.7 0.9 0.0 0.0 0
0 2 0.7 1.0 0.3 0.3 0
0 2 0.7 1.0 0.0 0.0 400

0 2 0.8 1.0 -1.0 0.0 4000
0 2 0.8 1.0 -1.3 -0.3 300
1 100 0.8 0.9 -1.0 0.0 0
0 2 0.8 1.0 -0.7 0.3 0
0 2 0.8 1.0 -1.0 0.0 300

0 2 0.8 1.0 1.0 0.0 4000
0 2 0.8 1.0 1.3 0.3 300
1 100 0.8 0.9 1.0 0.0 0
0 2 0.8 1.0 0.7 -0.3 0
0 2 0.8 1.0 1.0 0.0 300

0 3 0.8 1.1 0.0 -1.25 4000
0 3 0.8 1.1 0.0 1.25 0

0 2 0.8 1.0 0.0 0.0 4000
0 2 0.8 1.0 -0.5 -0.5 0
0 2 0.8 1.0 0.5 0.5 0

0 2 0.8 1.0 -1.0 0.0 3000
0 2 0.8 1.0 -1.5 -0.5 0
0 2 0.8 1.0 -0.5 0.5 0

1 100 1.0 1.0 0.0 0.0 1000

0 2 0.8 1.0 1.0 0.0 2000
0 2 0.8 1.0 0.5 -0.5 0
0 2 0.8 1.0 1.5 0.5 0

0 2 0.5 1.1  0.00  0.00 4000
0 2 0.5 1.1 -0.50 -0.50 0
0 2 0.5 1.1  0.50  0.50 0
0 2 0.5 1.1 -1.00 -1.00 0
0 2 0.5 1.1  1.00  1.00 0
0 2 0.5 1.1 -1.50 -1.50 0
0 2 0.5 1.1  1.50  1.50 0

0 15 0.3 1.4 0.0 0.0 3000
0 4 0.3 1.2 -1.5 -1.5 0
0 4 0.3 1.2 -1.0 -1.0 0
0 4 0.3 1.2 1.5 1.5 0
0 4 0.3 1.2 1.0 1.0 0