////////////////////
// Level-1
// rodzaj | wartosc | predkosc | wielkosc | pozycja | pozycja koncowa | opoznienie (ms)

0 4 0.60 1.1  0.00  0.00 1000

0 3 0.50 1.1 -0.75 -0.75 2000
0 3 0.50 1.1  0.75  0.75 0

0 2 0.50 1.1 -0.90 -0.90 4000
0 2 0.50 1.1 -0.45 -0.45 0
0 2 0.50 1.1  0.90  0.90 0
0 2 0.50 1.1  0.45  0.45 0
1 100 1.0 1.0 0.0 0.0 2000

0 2 0.70 1.1  0.00  0.00 4000

0 2 0.50 1.1 -0.50 -0.50 800
0 2 0.50 1.1  0.50  0.50 0

0 2 0.40 1.1 -1.00 -1.00 800
0 2 0.40 1.1  1.00  1.00 0

0 2 0.30 1.1 -1.50 -1.50 800
0 2 0.30 1.1  1.50  1.50 0

1 100 0.3 1.0  1.25  1.25 1000
1 100 0.3 1.0 -1.25 -1.25 0

0 1 1.0 1.0 0.00 0.00 5000

0 1 1.0 1.0 1.00 1.00 4000
1 100 0.7 1.0 0.0 0.0 1000
0 1 1.0 1.0 -1.00 -1.00 3000

0 1 1.0 1.0 1.50 1.50 4000
1 100 0.7 1.0 0.0 0.0 1000
0 1 1.0 1.0 -1.50 -1.50 3000

0 1 0.50 1.1  0.00  0.00 4000
0 1 0.50 1.1 -0.50 -0.50 0
0 1 0.50 1.1  0.50  0.50 0
0 1 0.50 1.1 -1.00 -1.00 0
0 1 0.50 1.1  1.00  1.00 0
0 1 0.50 1.1 -1.50 -1.50 0
0 1 0.50 1.1  1.50  1.50 0

0 2 0.40 1.15  0.00  0.00 1000
0 2 0.40 1.15 -0.50 -0.50 0
0 2 0.40 1.15  0.50  0.50 0
0 2 0.40 1.15 -1.00 -1.00 0
0 2 0.40 1.15  1.00  1.00 0

0 4 0.30 1.2  0.00  0.00 1250
0 4 0.30 1.2 -0.50 -0.50 0
0 4 0.30 1.2  0.50  0.50 0

0 8 0.20 1.3  0.00  0.00 1600