////////////////////
// Level-2
// rodzaj | wartosc | predkosc | wielkosc | pozycja | pozycja koncowa | opoznienie (ms)

0 3 1.2 1.0 -0.5 0.5 2000
0 3 1.2 1.0 0.5 -0.5 3000

0 2 0.8 1.0 -0.5  0.0 3000
0 2 0.8 1.0 -1.0 -0.5 0
0 2 0.8 1.0 -1.5 -1.0 0

1 100 0.8 1.0 0.0 0.0 2000

0 2 0.8 1.0 0.5  0.0 3000
0 2 0.8 1.0 1.0 0.5 0
0 2 0.8 1.0 1.5 1.0 0

0 3 0.5 1.1 -1.0 -1.0 4000
0 3 0.5 1.1 0.0 0.0 0
0 3 0.5 1.1 1.0 1.0 0
1 100 0.6 1.0 0.0 0.0 1000

1 100 1.3 1.0 -0.5 0.0 3000

0 2 1.3 1.0 -0.5 0.0 2000
0 2 1.3 1.0 -0.75 0.0 750
0 2 1.3 1.0 -1.0 0.0 750
0 2 1.3 1.0 -1.25 0.0 750
0 2 1.3 1.0 -1.5 0.0 750
0 2 1.3 1.0 -1.75 0.0 750
0 2 1.3 1.0 -2.0 0.0 750

1 100 1.3 1.0 0.5 -0.0 3000

0 2 1.3 1.0 0.5 -0.0 2000
0 2 1.3 1.0 0.75 -0.0 750
0 2 1.3 1.0 1.0 -0.0 750
0 2 1.3 1.0 1.25 -0.0 750
0 2 1.3 1.0 1.5 -0.0 750
0 2 1.3 1.0 1.75 -0.0 750
0 2 1.3 1.0 2.0 -0.0 750

1 100 1.0 1.0 0.0 0.0 500
0 30 0.2 1.3 0.0 0.0 3000

0 2 1.1 1.0 -2.0 -1.0 1000
0 2 1.1 1.0 -1.5 -0.5 0
0 2 1.1 1.0 -1.0 0.0 0

0 2 1.1 1.0 2.0 1.0 4000
0 2 1.1 1.0 1.5 0.5 0
0 2 1.1 1.0 1.0 0.0 0